results:
  acc: 0.7581699346405228
  auc: 0.7104166666666667
  f1: 0.5911602209944752
  precision: 0.5879120879120879
  recall: 0.5944444444444444
