results:
  acc: 0.8620689655172413
  auc: 0.8140901771336555
  f1: 0.7557522123893805
  precision: 0.8388998035363457
  recall: 0.6876006441223832
