results:
  acc: 0.8189203354297694
  auc: 0.8046129115069129
  f1: 0.7058322690506599
  precision: 0.6501960784313725
  recall: 0.7718808193668529
