results:
  acc: 0.826797385620915
  auc: 0.8335648148148149
  f1: 0.7427184466019418
  precision: 0.6594827586206896
  recall: 0.85
