results:
  acc: 0.696078431372549
  auc: 0.5627314814814816
  f1: 0.3161764705882353
  precision: 0.4673913043478261
  recall: 0.2388888888888889
