results:
  acc: 0.8284313725490197
  auc: 0.8152777777777777
  f1: 0.7286821705426356
  precision: 0.6811594202898551
  recall: 0.7833333333333333
