results:
  acc: 0.77437106918239
  auc: 0.7489751802093647
  f1: 0.6328358208955224
  precision: 0.5837922895357985
  recall: 0.6908752327746741
