results:
  acc: 0.8300653594771242
  auc: 0.8148148148148148
  f1: 0.7291666666666667
  precision: 0.6862745098039216
  recall: 0.7777777777777778
