results:
  acc: 0.8825995807127882
  auc: 0.8543044468621771
  f1: 0.7910447761194029
  precision: 0.7925233644859813
  recall: 0.7895716945996276
