results:
  acc: 0.7602040816326531
  auc: 0.5512152777777777
  f1: 0.05369127516778523
  precision: 0.029197080291970802
  recall: 0.3333333333333333
