results:
  acc: 0.9027986006996501
  auc: 0.9016304347826087
  f1: 0.8515833651278137
  precision: 0.8092820884699057
  recall: 0.8985507246376812
