results:
  acc: 0.6715686274509803
  auc: 0.6474537037037038
  f1: 0.5133171912832929
  precision: 0.45493562231759654
  recall: 0.5888888888888889
