results:
  acc: 0.7189542483660131
  auc: 0.5756944444444445
  f1: 0.3228346456692914
  precision: 0.5540540540540541
  recall: 0.22777777777777777
