results:
  acc: 0.889937106918239
  auc: 0.8662070258221989
  f1: 0.8059149722735676
  precision: 0.8
  recall: 0.8119180633147114
