results:
  acc: 0.9013605442176871
  auc: 0.48046875000000006
  f1: 0.01694915254237288
  precision: 0.010638297872340425
  recall: 0.041666666666666664
