results:
  acc: 0.7351324337831084
  auc: 0.6903985507246376
  f1: 0.572925060435133
  precision: 0.5733870967741935
  recall: 0.572463768115942
