results:
  acc: 0.8596938775510204
  auc: 0.4388020833333333
  f1: 0.0
  precision: 0.0
  recall: 0.0
