results:
  acc: 0.8630684657671165
  auc: 0.8323067632850242
  f1: 0.7729908864954432
  precision: 0.7960750853242321
  recall: 0.751207729468599
