results:
  acc: 0.6813725490196079
  auc: 0.6706018518518518
  f1: 0.5433255269320844
  precision: 0.46963562753036436
  recall: 0.6444444444444445
