results:
  acc: 0.7789115646258503
  auc: 0.4587673611111111
  f1: 0.022556390977443608
  precision: 0.012396694214876033
  recall: 0.125
