results:
  acc: 0.8778110944527736
  auc: 0.8536231884057971
  f1: 0.8004895960832313
  precision: 0.8114143920595533
  recall: 0.7898550724637681
