results:
  acc: 0.9145427286356822
  auc: 0.9108091787439613
  f1: 0.8674418604651164
  precision: 0.8363228699551569
  recall: 0.9009661835748792
