c-mse-15: 2352.981217965332
c-mse-30: 6838.962165194006
c-mse-45: 15156.245994360408
c-mse-last: 44944.99676106339
mse-15: 2480.4461854419956
mse-30: 7049.5890556289105
mse-45: 15496.470451599922
mse-last: 45741.927501408194
