c-mse-15: 440.16482748168215
c-mse-30: 1261.6390030357784
c-mse-45: 3418.516849160837
c-mse-last: 12001.73257178642
mse-15: 522.1302399091887
mse-30: 1393.8296945873694
mse-45: 3669.7584535688593
mse-last: 12714.788678118017
