c-mse-15: 638.6785598354035
c-mse-30: 1615.9836894215837
c-mse-45: 3744.752087800837
c-mse-last: 11724.29775133823
mse-15: 689.6240171959322
mse-30: 1704.4527084247502
mse-45: 3916.7914543868305
mse-last: 12215.079070974623
