c-mse-15: 335.8850080310968
c-mse-30: 1324.062484383917
c-mse-45: 4097.1296595105305
c-mse-last: 14836.52657383337
mse-15: 379.14545126397627
mse-30: 1387.3032018139922
mse-45: 4210.869133568316
mse-last: 15129.53001400908
