c-mse-15: 625.7958805999077
c-mse-30: 1734.306426835967
c-mse-45: 4003.3374337680966
c-mse-last: 12637.514256084714
mse-15: 691.3637710709899
mse-30: 1878.7570288441707
mse-45: 4287.5296799984035
mse-last: 13443.9633928556
