c-mse-15: 579.1312747071955
c-mse-30: 1976.5853906320806
c-mse-45: 5611.43717448689
c-mse-last: 20212.574731470457
mse-15: 727.2193300571407
mse-30: 2259.0733862638604
mse-45: 6082.880874758528
mse-last: 21344.526819398947
