c-mse-15: 2447.5358681152957
c-mse-30: 4951.994799452377
c-mse-45: 9035.0423772545
c-mse-last: 22716.70366213261
mse-15: 2553.90551963486
mse-30: 5088.298318468327
mse-45: 9246.070783428695
mse-last: 23221.170223648318
