results:
  acc: 0.8850574712643678
  auc: 0.842049114331723
  f1: 0.7973568281938326
  precision: 0.8803501945525292
  recall: 0.7286634460547504
