results:
  acc: 0.8986928104575164
  auc: 0.8634259259259258
  f1: 0.8187134502923977
  precision: 0.8641975308641975
  recall: 0.7777777777777778
